Weather History & Observations
2011	Temp. (°F)	Dew Point (°F)	Humidity (%)	Sea Level Press. (in)	Visibility (mi)	Wind (mph)	Precip. (in)	Events
Jan	high	avg	low	high	avg	low	high	avg	low	high	avg	low	high	avg	low	high	avg	high	sum	 
1	56	46	35	43	37	29	85	73	60	30.10	30.04	29.96	10	9	6	15	6	18	0.00	 
2	51	45	38	46	41	26	100	85	70	29.96	29.88	29.79	10	5	0	24	7	31	0.15	Rain
3	38	34	29	22	12	8	64	48	32	30.07	29.98	29.80	10	10	9	26	15	35	0.00	 
4	39	32	25	18	16	13	63	52	40	30.05	29.89	29.71	10	10	10	20	10	24	0.00	 
5	39	34	28	20	15	8	63	49	35	29.77	29.73	29.69	10	10	10	25	12	31	0.00	 
6	32	27	22	13	10	7	62	49	36	29.75	29.69	29.62	10	10	10	14	6	18	0.00	 
7	35	29	23	29	23	8	92	71	50	29.61	29.50	29.44	10	8	2	16	9	18	0.02	Snow
8	33	30	27	29	26	23	92	85	78	29.47	29.41	29.34	10	5	0	18	11	24	0.16	Fog , Snow
9	35	30	25	25	19	13	85	68	51	29.88	29.59	29.34	10	8	0	25	17	35	0.13	Fog , Snow
10	35	29	23	16	13	8	60	52	44	30.14	30.02	29.90	10	10	10	23	16	31	0.00	 
11	31	26	21	25	18	10	78	68	57	30.26	30.14	29.93	10	10	8	15	7	20	T	 
12	35	32	28	32	27	22	96	84	72	29.91	29.43	29.17	10	2	0	36	24	46	1.40	Fog , Snow
13	31	26	21	21	15	10	69	59	49	30.18	29.97	29.63	10	10	9	25	17	35	T	 
14	25	22	18	12	10	9	67	61	55	30.26	30.23	30.19	10	10	9	17	9	22	0.00	 
15	33	24	15	27	14	7	85	70	55	30.24	30.07	29.83	10	10	8	17	10	23	T	Snow
16	35	28	21	25	14	6	75	56	36	30.18	29.97	29.81	10	10	10	23	14	30	0.00	 
17	21	18	14	6	2	-1	59	51	43	30.40	30.33	30.17	10	10	10	18	8	24	0.00	 
18	40	29	18	40	29	6	100	78	56	30.39	29.96	29.49	10	3	0	21	11	24	0.95	Rain , Snow
19	39	36	32	37	34	28	100	93	85	29.81	29.65	29.49	10	4	2	18	9	23	0.19	Rain , Snow
20	32	29	26	29	22	14	92	71	49	29.99	29.90	29.82	10	8	1	21	9	26	T	Snow
21	30	26	22	25	21	11	92	74	55	29.83	29.54	29.35	10	4	0	28	14	37	0.23	Fog , Snow
22	26	22	17	11	7	5	62	52	42	29.94	29.87	29.74	10	10	9	22	11	29	0.00	 
23	24	15	5	8	2	-8	73	56	39	30.25	29.96	29.82	10	10	10	25	12	36	0.00	 
24	13	6	-2	-10	-14	-19	55	43	30	30.43	30.39	30.27	10	10	10	22	12	31	0.00	 
25	32	22	12	25	14	-6	92	63	34	30.38	30.20	30.08	10	5	2	13	5	15	0.05	Snow
26	34	25	15	32	24	14	96	87	77	30.15	29.90	29.57	8	3	1	26	9	33	0.05	Rain , Snow
27	35	30	24	28	20	13	92	66	40	29.83	29.61	29.51	10	4	0	36	15	44	0.68	Fog , Snow
28	33	26	18	24	21	13	85	74	63	29.88	29.85	29.83	10	10	4	12	5	15	T	Snow
29	37	32	26	25	23	19	92	72	52	29.97	29.89	29.85	10	9	5	12	6	16	T	 
30	36	31	26	19	16	13	68	55	41	30.20	30.05	29.97	10	10	10	21	8	26	0.00	 
31	26	21	16	13	2	-7	68	48	27	30.52	30.42	30.23	10	10	10	20	8	26	0.00	 
2011	Temp. (°F)	Dew Point (°F)	Humidity (%)	Sea Level Press. (in)	Visibility (mi)	Wind (mph)	Precip. (in)	Events
Feb	high	avg	low	high	avg	low	high	avg	low	high	avg	low	high	avg	low	high	avg	high	sum	 
1	22	19	16	18	12	-7	92	63	33	30.51	30.37	30.26	10	4	0	17	10	21	0.45	Fog , Snow
2	36	28	20	34	23	15	96	87	77	30.29	29.89	29.70	10	3	1	23	13	29	0.86	Rain , Snow
3	28	24	19	16	14	11	84	70	55	30.30	30.18	29.91	10	8	2	15	7	20	T	Snow
4	33	25	16	19	13	7	69	54	39	30.27	30.12	30.01	10	10	9	21	12	28	0.00	 
5	37	30	22	39	27	16	75	67	59	30.06	29.70	29.15	10	6	0	17	7	21	T	Fog , Rain , Thunderstorm
6	42	39	35	37	28	24	100	75	49	30.00	29.65	29.12	10	10	3	31	15	40	T	Rain
7	42	36	29	32	27	25	85	68	51	30.05	29.95	29.78	10	10	5	13	6	16	0.02	Rain
8	39	28	17	34	27	1	96	74	51	29.91	29.58	29.43	10	5	0	33	13	45	0.27	Fog , Rain , Snow
9	31	22	13	14	5	-3	59	46	32	30.15	30.05	29.96	10	10	10	29	15	39	0.00	 
10	28	24	19	13	4	0	57	44	31	30.10	29.97	29.90	10	10	10	20	11	25	0.00	 
11	29	21	13	15	4	-3	62	45	27	30.15	30.11	30.06	10	10	10	22	10	26	0.00	 
12	39	30	21	22	17	8	88	61	34	30.04	29.85	29.68	10	10	9	26	13	35	0.00	 
13	37	30	23	27	18	9	70	56	42	30.09	29.93	29.71	10	10	10	23	13	29	0.00	 
14	52	44	35	31	27	19	70	54	38	29.68	29.47	29.30	10	10	10	32	16	41	T	 
15	35	28	21	15	0	-8	55	39	23	30.34	30.10	29.65	10	10	10	33	20	46	0.00	 
16	41	30	19	23	9	-5	59	42	25	30.39	30.25	30.12	10	10	10	22	10	28	0.00	 
17	60	48	36	37	29	23	70	56	41	30.12	30.05	29.98	10	10	10	14	6	17	0.00	 
18	60	49	37	42	36	15	86	57	28	29.95	29.67	29.47	10	10	8	37	10	53	0.05	Rain
19	49	33	17	22	10	-2	48	37	26	29.83	29.62	29.44	10	9	2	36	23	49	T	Snow
20	36	27	17	11	5	1	49	40	31	30.00	29.97	29.85	10	10	10	32	17	45	0.00	 
21	30	22	14	21	13	-4	88	60	32	29.96	29.85	29.74	10	6	2	24	12	32	0.08	Snow
22	38	26	13	8	3	-3	55	42	29	30.18	30.03	29.91	10	10	10	22	12	26	0.00	 
23	41	32	22	0	-3	-6	40	28	15	30.27	30.23	30.19	10	10	10	17	10	24	0.00	 
24	44	34	24	31	13	-3	64	43	22	30.29	30.17	30.03	10	10	10	17	9	22	T	Rain
25	39	35	30	38	33	19	100	88	76	30.00	29.55	29.23	10	4	0	33	12	46	1.63	Rain , Snow
26	37	33	28	25	19	15	69	58	47	30.13	30.07	29.85	10	10	3	29	11	38	T	Snow
27	32	27	22	31	24	17	92	83	74	30.20	30.06	29.94	10	5	0	18	8	22	0.31	Fog , Snow
28	46	36	25	43	32	20	92	84	76	30.16	29.74	29.43	10	6	1	25	9	32	0.63	Rain
2011	Temp. (°F)	Dew Point (°F)	Humidity (%)	Sea Level Press. (in)	Visibility (mi)	Wind (mph)	Precip. (in)	Events
Mar	high	avg	low	high	avg	low	high	avg	low	high	avg	low	high	avg	low	high	avg	high	sum	 
1	40	35	29	27	13	5	76	51	25	30.25	30.12	29.79	10	10	10	29	12	38	0.00	 
2	48	36	23	25	18	3	64	50	35	30.29	30.05	29.87	10	10	10	32	19	43	T	 
3	29	21	12	1	-6	-9	46	33	19	30.71	30.58	30.34	10	10	10	30	13	37	0.00	 
4	38	29	19	24	7	-8	72	50	27	30.79	30.72	30.63	10	10	10	20	8	26	0.00	 
5	55	42	29	42	37	25	89	74	59	30.61	30.42	30.24	10	10	10	29	12	36	T	Rain
6	61	54	46	52	47	41	86	71	55	30.21	29.99	29.75	10	9	3	32	16	43	0.07	Rain
7	57	43	29	54	38	14	96	73	49	30.25	29.72	29.48	10	8	2	35	22	44	0.41	Rain
8	39	32	25	24	18	13	69	55	41	30.66	30.52	30.30	10	10	10	18	8	25	0.00	 
9	37	33	29	29	26	22	75	68	61	30.74	30.68	30.61	10	10	10	21	14	24	0.00	 
10	40	38	36	38	34	29	92	84	75	30.60	30.40	30.15	10	8	2	22	16	26	0.02	Rain
11	51	46	40	49	44	37	100	93	86	30.15	29.87	29.74	10	4	0	21	11	29	0.52	Fog , Rain
12	52	45	37	41	32	28	89	67	44	29.84	29.76	29.72	10	10	7	24	13	33	0.00	 
13	49	43	37	34	31	29	73	60	46	30.12	29.92	29.80	10	10	10	26	11	33	T	Rain
14	42	37	32	29	27	24	75	66	57	30.45	30.30	30.12	10	9	1	16	8	23	T	Snow
15	43	36	29	31	26	24	85	69	53	30.52	30.47	30.43	10	10	10	22	10	23	0.00	 
16	44	39	34	42	36	27	93	84	75	30.42	30.14	29.95	10	6	0	20	7	24	0.54	Rain
17	63	50	37	37	34	28	100	64	27	30.14	30.05	29.97	10	10	6	16	9	22	0.00	 
18	70	58	46	44	32	18	71	43	14	29.95	29.78	29.63	10	10	9	37	19	48	0.00	 
19	48	42	35	36	30	21	79	62	45	30.46	30.18	29.89	10	10	10	22	9	28	T	 
20	40	35	30	24	18	13	64	52	40	30.65	30.57	30.48	10	10	10	15	10	18	0.00	 
21	41	38	34	36	31	24	96	80	64	30.51	30.14	29.82	10	5	0	20	11	25	0.16	Fog , Rain , Snow
22	44	40	35	34	30	24	92	71	49	29.96	29.86	29.79	10	9	2	24	13	32	0.00	 
23	40	36	32	25	22	16	69	53	37	29.94	29.84	29.70	10	10	10	12	8	-	0.00	 
24	39	35	31	30	26	19	89	74	59	29.83	29.69	29.60	10	8	2	21	11	26	0.01	Snow
25	45	38	30	19	14	6	63	44	24	29.90	29.84	29.78	10	10	10	20	12	30	0.00	 
26	41	34	26	10	5	2	43	33	22	29.91	29.87	29.81	10	10	9	25	15	35	0.00	 
27	45	36	27	9	2	-5	46	30	14	29.91	29.82	29.72	10	10	10	25	16	35	0.00	 
28	48	38	28	16	8	-1	40	31	22	29.91	29.81	29.75	10	10	9	23	16	32	0.00	 
29	49	41	32	17	16	15	49	38	26	30.06	29.97	29.91	10	10	10	21	12	26	0.00	 
30	55	45	34	33	24	17	65	45	24	30.14	30.05	29.98	10	10	10	20	11	23	0.00	 
31	44	39	33	36	32	28	96	80	64	30.00	29.89	29.78	10	6	1	18	8	23	0.35	Rain , Snow
2011	Temp. (°F)	Dew Point (°F)	Humidity (%)	Sea Level Press. (in)	Visibility (mi)	Wind (mph)	Precip. (in)	Events
Apr	high	avg	low	high	avg	low	high	avg	low	high	avg	low	high	avg	low	high	avg	high	sum	 
1	40	37	33	34	32	30	96	86	76	29.74	29.35	29.18	10	5	1	28	15	37	0.45	Rain , Snow
2	53	45	37	34	29	25	76	56	35	29.57	29.39	29.25	10	10	10	26	15	36	T	 
3	55	48	40	27	17	8	53	35	16	29.99	29.76	29.58	10	10	10	28	14	38	0.00	 
4	50	44	37	46	37	25	93	71	49	30.03	29.76	29.53	10	7	1	21	7	24	0.38	Rain
5	64	50	35	56	44	27	100	78	55	29.59	29.34	29.17	10	7	1	35	17	43	0.07	Rain
6	54	45	36	31	22	18	65	46	26	30.04	29.84	29.63	10	10	10	26	15	35	0.00	 
7	46	40	34	33	29	22	75	61	46	30.17	30.11	30.06	10	10	10	16	8	18	0.00	 
8	48	42	36	31	27	21	76	57	37	30.28	30.21	30.17	10	10	10	18	9	22	0.00	 
9	61	48	35	34	28	18	89	58	27	30.20	30.14	30.06	10	10	8	21	10	24	0.00	 
10	65	53	40	42	29	21	50	40	30	30.18	30.09	29.97	10	10	10	22	11	28	0.04	Rain
11	72	60	47	55	50	45	100	79	57	29.99	29.70	29.46	10	9	6	24	13	29	0.01	Rain
12	66	57	47	55	40	32	84	58	32	30.21	29.87	29.51	10	10	9	26	10	36	0.08	Rain
13	49	46	43	44	41	37	96	81	66	30.20	30.02	29.83	10	4	2	25	13	30	1.33	Rain
14	65	54	43	42	38	32	96	64	31	30.23	29.95	29.82	10	9	3	23	11	30	0.02	 
15	47	42	37	32	25	22	64	55	45	30.54	30.45	30.25	10	10	10	18	12	23	0.00	 
16	46	41	36	42	32	27	86	72	57	30.54	30.34	29.88	10	10	6	29	19	36	0.07	Rain
17	63	55	46	54	44	24	93	61	28	29.80	29.57	29.41	10	8	2	30	18	36	0.96	Rain
18	61	53	44	38	29	22	71	48	25	30.02	29.90	29.75	10	10	10	26	15	35	T	 
19	52	47	42	41	39	37	89	76	63	30.19	30.11	29.97	10	9	3	14	6	17	0.15	Rain
20	46	44	42	41	40	37	96	86	76	30.16	29.94	29.82	10	5	0	18	9	24	T	Fog , Rain
21	56	49	41	43	30	17	96	62	27	30.32	30.00	29.86	10	7	0	36	18	46	0.00	Fog
22	50	44	38	35	27	22	76	56	36	30.47	30.43	30.32	10	10	9	16	10	22	0.00	 
23	55	47	39	52	42	28	93	73	53	30.44	30.17	29.94	10	6	2	21	11	25	0.40	Rain
24	75	65	54	56	51	44	93	64	35	30.04	29.95	29.87	10	7	2	22	9	28	0.03	Rain
25	57	52	46	50	47	44	93	83	72	30.14	30.10	30.04	10	5	0	12	6	14	0.01	Fog , Rain
26	54	50	46	51	47	44	100	90	80	30.08	30.02	30.00	10	2	0	18	7	22	0.00	Fog
27	78	63	47	64	53	46	93	77	60	30.02	29.99	29.93	10	5	0	23	9	26	0.01	Fog
28	70	66	62	63	62	60	93	86	78	29.92	29.74	29.62	10	8	3	33	18	41	0.03	Rain , Thunderstorm
29	75	67	58	61	46	36	90	58	25	29.83	29.68	29.62	10	10	10	24	11	30	0.00	 
30	61	55	48	43	39	36	80	62	44	30.22	30.02	29.85	10	10	10	17	9	23	0.00	 
2011	Temp. (°F)	Dew Point (°F)	Humidity (%)	Sea Level Press. (in)	Visibility (mi)	Wind (mph)	Precip. (in)	Events
May	high	avg	low	high	avg	low	high	avg	low	high	avg	low	high	avg	low	high	avg	high	sum	 
1	55	51	46	42	35	32	74	60	45	30.34	30.30	30.22	10	10	10	21	11	24	0.00	 
2	62	53	44	47	40	33	76	61	46	30.32	30.23	30.13	10	10	9	22	9	25	0.00	 
3	72	63	54	52	47	40	77	64	51	30.18	30.11	30.06	10	10	10	20	10	25	0.00	 
4	67	58	48	59	54	45	93	83	73	30.04	29.90	29.82	10	8	2	20	10	25	0.37	Rain
5	60	54	47	46	39	34	86	65	43	29.89	29.82	29.76	10	9	3	26	14	33	0.01	Rain
6	72	59	46	42	31	22	71	44	16	29.91	29.88	29.83	10	10	10	26	15	33	0.00	 
7	70	61	51	52	48	43	83	68	53	29.89	29.82	29.76	10	8	2	29	8	39	0.36	Rain , Thunderstorm
8	57	53	49	52	48	46	93	83	72	29.96	29.91	29.83	10	8	5	21	8	24	0.00	 
9	68	60	52	47	38	33	77	53	29	29.97	29.91	29.86	10	10	10	35	16	44	T	Rain
10	57	54	50	47	44	41	77	67	57	30.06	30.00	29.92	10	10	4	35	19	47	T	Rain
11	65	57	49	50	46	42	93	73	52	30.10	30.07	30.04	10	8	3	26	16	35	0.01	Rain
12	60	56	51	47	43	40	77	67	57	30.12	30.08	30.03	10	10	10	16	10	22	0.00	 
13	59	53	46	46	44	41	93	75	57	30.02	29.96	29.89	10	9	0	16	8	20	0.00	Fog
14	59	52	45	51	46	44	100	86	72	29.93	29.87	29.80	10	5	0	13	7	15	0.01	Fog
15	57	54	50	54	51	47	96	87	77	29.79	29.73	29.67	10	4	1	18	9	22	1.07	Rain
16	50	49	48	47	46	45	93	87	80	30.01	29.88	29.77	10	4	2	23	14	26	0.38	Rain
17	51	50	48	48	46	45	93	90	86	30.15	30.10	30.01	10	3	0	20	13	25	0.18	Rain
18	53	52	50	52	51	49	100	97	93	30.20	30.17	30.12	0	0	0	21	12	24	0.05	Fog , Rain
19	61	56	51	55	53	51	100	90	80	30.14	30.10	30.05	10	2	0	14	8	17	0.50	Fog , Rain
20	65	58	51	57	53	50	100	90	80	30.04	29.98	29.93	10	2	0	15	5	18	0.01	Fog
21	62	56	49	56	52	45	100	89	78	30.13	29.99	29.93	10	2	0	18	7	24	T	Fog
22	53	51	48	46	45	43	93	84	74	30.23	30.19	30.12	10	9	2	18	9	23	0.00	 
23	65	58	51	60	52	47	93	88	83	30.20	30.06	29.86	10	8	2	18	10	25	0.11	Rain
24	82	73	64	66	63	60	93	74	54	29.83	29.75	29.69	10	9	2	23	11	31	0.17	Rain
25	74	68	61	60	55	52	78	68	57	29.98	29.91	29.79	10	10	10	18	10	22	0.00	 
26	81	69	57	66	60	55	93	74	54	30.01	29.96	29.91	10	8	4	22	10	28	0.00	 
27	87	76	65	67	64	61	93	70	47	30.01	29.97	29.93	10	7	0	18	9	25	0.00	 
28	75	68	60	65	60	56	93	83	73	30.11	30.07	30.01	10	7	0	17	8	21	0.00	 
29	85	76	67	67	65	64	87	69	51	30.13	30.08	30.00	10	10	6	23	12	28	0.00	 
30	87	76	64	68	66	62	87	69	51	30.12	30.03	29.96	10	9	6	16	8	20	0.00	 
31	74	69	64	63	54	49	87	64	41	30.23	30.19	30.13	10	10	5	14	8	15	0.00	 
2011	Temp. (°F)	Dew Point (°F)	Humidity (%)	Sea Level Press. (in)	Visibility (mi)	Wind (mph)	Precip. (in)	Events
Jun	high	avg	low	high	avg	low	high	avg	low	high	avg	low	high	avg	low	high	avg	high	sum	 
1	82	73	64	68	63	57	90	76	62	30.16	29.95	29.77	10	8	2	30	14	38	0.56	Rain , Hail , Thunderstorm
2	75	67	58	67	49	40	90	62	33	29.90	29.80	29.74	10	9	4	30	17	39	0.00	 
3	71	63	55	48	39	36	72	50	28	30.05	29.95	29.90	10	10	10	25	14	32	0.00	 
4	64	58	51	49	43	38	77	60	42	30.12	30.07	30.01	10	10	10	18	9	22	0.00	 
5	63	56	49	53	47	43	78	69	60	30.12	30.06	30.01	10	10	10	17	7	21	0.00	 
6	70	63	55	56	52	50	86	70	53	30.02	29.99	29.95	10	10	10	13	6	16	0.00	 
7	82	71	60	61	56	55	84	62	40	29.95	29.89	29.84	10	10	9	17	7	21	0.00	 
8	84	73	62	68	60	58	90	67	44	29.88	29.83	29.79	10	10	7	20	6	25	0.00	 
9	92	81	70	69	64	60	84	64	44	29.86	29.80	29.70	10	9	2	32	13	44	0.51	Rain , Thunderstorm
10	76	69	61	65	61	56	84	76	68	30.07	29.95	29.79	10	10	9	17	9	21	0.00	 
11	65	60	55	58	54	51	93	83	73	30.16	30.11	30.06	10	9	2	18	10	23	0.71	Rain
12	58	56	53	54	52	50	93	88	83	30.05	29.95	29.87	10	6	1	18	13	23	0.33	Rain
13	64	59	54	54	52	50	93	80	67	29.93	29.89	29.86	10	10	5	15	6	20	0.05	Rain
14	60	58	55	53	50	47	83	73	62	29.92	29.89	29.85	10	8	1	17	10	21	0.04	Rain
15	69	63	57	52	49	45	77	61	44	29.88	29.83	29.77	10	10	10	20	10	26	0.00	 
16	89	75	61	61	54	50	68	49	29	29.90	29.86	29.82	10	10	9	17	10	23	0.00	 
17	75	70	65	65	61	52	87	70	53	29.96	29.92	29.87	10	10	4	23	12	30	0.04	Rain
18	83	74	64	66	62	60	93	70	47	29.87	29.80	29.73	10	10	2	18	8	23	0.07	Rain , Thunderstorm
19	80	74	67	63	46	38	73	49	25	29.86	29.81	29.77	10	10	10	18	11	28	0.00	 
20	83	73	62	59	51	45	84	59	33	29.90	29.86	29.84	10	10	10	14	6	20	0.00	 
21	76	71	65	60	54	51	73	58	43	29.94	29.91	29.87	10	10	10	16	9	21	0.00	 
22	71	68	64	66	64	62	100	91	81	29.99	29.94	29.84	10	3	0	20	8	26	1.82	Rain
23	65	62	59	63	61	59	100	97	93	29.87	29.84	29.80	10	2	0	23	14	28	0.17	Rain
24	61	59	56	59	58	56	100	95	90	29.84	29.82	29.79	10	3	1	16	10	20	0.01	 
25	63	59	54	58	56	54	100	89	78	29.91	29.85	29.80	10	7	2	20	7	61	0.27	Rain
26	76	69	61	66	63	59	100	82	64	29.95	29.90	29.87	10	6	0	15	5	17	T	Rain
27	78	72	66	64	62	60	81	71	60	30.01	29.98	29.95	10	10	10	15	9	31	0.00	 
28	81	74	66	67	65	62	93	76	58	29.97	29.91	29.84	10	10	9	20	8	22	0.00	 
29	85	77	68	68	63	54	90	65	40	29.84	29.80	29.75	10	8	2	22	11	29	0.18	Rain
30	82	74	65	55	54	52	73	54	34	29.90	29.86	29.83	10	10	9	20	12	23	0.00	 
2011	Temp. (°F)	Dew Point (°F)	Humidity (%)	Sea Level Press. (in)	Visibility (mi)	Wind (mph)	Precip. (in)	Events
Jul	high	avg	low	high	avg	low	high	avg	low	high	avg	low	high	avg	low	high	avg	high	sum	 
1	78	72	66	63	57	51	78	63	47	30.03	29.96	29.90	10	10	10	16	7	18	0.00	 
2	76	71	66	65	63	60	81	73	64	30.08	30.03	29.98	10	10	10	15	8	17	0.00	 
3	82	75	67	71	67	63	93	78	62	29.97	29.87	29.83	10	8	4	16	8	21	0.03	Rain
4	90	80	70	70	66	61	90	65	40	29.83	29.79	29.73	10	8	4	20	7	25	0.00	 
5	88	78	68	65	60	53	84	58	31	29.90	29.86	29.79	10	10	8	16	7	21	0.00	 
6	92	82	71	70	62	58	73	54	34	29.93	29.87	29.79	10	9	7	22	11	30	T	Rain , Thunderstorm
7	88	79	70	65	61	57	68	52	36	29.96	29.90	29.84	10	10	10	17	8	22	0.00	 
8	75	72	68	70	66	62	93	83	73	29.97	29.89	29.79	10	5	1	13	6	21	0.29	Rain
9	86	77	67	68	61	52	100	67	34	29.99	29.79	29.70	10	6	0	21	10	31	0.12	Rain
10	86	76	66	60	55	51	63	49	34	30.06	30.01	29.98	10	10	10	17	8	26	0.00	 
11	93	81	68	70	64	59	78	56	34	29.99	29.88	29.73	10	10	8	18	11	25	0.00	 
12	95	86	77	71	67	64	71	55	39	29.71	29.62	29.56	10	10	8	18	13	25	0.00	 
13	87	77	66	66	63	55	84	61	37	29.79	29.70	29.64	10	8	0	18	10	23	0.45	Rain
14	73	68	63	63	57	49	87	69	51	30.02	29.92	29.80	10	8	1	20	10	23	0.72	Rain
15	79	72	65	60	56	53	78	62	45	30.09	30.04	29.99	10	10	10	18	8	23	0.00	 
16	85	75	65	64	60	55	78	58	37	30.12	30.09	30.06	10	10	10	17	9	21	0.00	 
17	93	82	71	65	60	53	73	50	26	30.09	30.03	29.96	10	10	10	24	13	32	0.00	 
18	86	81	75	70	67	64	76	66	55	29.94	29.85	29.78	10	10	6	22	12	31	T	Rain
19	89	80	70	68	64	58	79	60	40	29.86	29.81	29.78	10	10	9	15	7	20	0.00	 
20	91	81	70	68	63	58	74	58	41	29.92	29.86	29.79	10	10	10	24	10	32	0.00	 
21	97	85	73	74	71	68	87	65	42	29.81	29.72	29.63	10	6	4	31	18	38	0.00	 
22	103	92	81	75	67	54	74	48	21	29.83	29.75	29.70	10	9	5	20	12	25	0.00	 
23	92	82	72	70	65	57	79	59	38	29.93	29.85	29.78	10	10	7	18	8	25	0.11	Rain , Thunderstorm
24	84	76	67	69	64	59	76	66	55	29.98	29.90	29.81	10	10	8	16	8	23	0.02	Rain
25	74	69	63	63	60	54	87	70	53	29.99	29.93	29.82	10	10	4	14	7	20	0.15	Rain
26	78	72	65	69	64	61	93	81	69	29.81	29.73	29.62	10	10	10	21	9	29	0.01	Rain
27	84	76	68	62	59	55	78	59	40	29.97	29.83	29.70	10	10	10	13	7	18	0.00	 
28	75	72	68	64	62	58	84	73	61	30.07	30.04	29.98	10	10	10	16	9	21	0.00	 
29	79	73	66	72	67	63	93	81	69	30.04	29.91	29.75	10	9	3	18	8	23	0.14	Rain
30	89	81	73	73	64	57	94	65	36	29.97	29.82	29.71	10	9	6	22	12	31	0.00	 
31	91	81	70	64	58	52	70	51	32	30.05	29.99	29.94	10	10	10	15	9	21	0.00	 
2011	Temp. (°F)	Dew Point (°F)	Humidity (%)	Sea Level Press. (in)	Visibility (mi)	Wind (mph)	Precip. (in)	Events
Aug	high	avg	low	high	avg	low	high	avg	low	high	avg	low	high	avg	low	high	avg	high	sum	 
1	93	83	72	68	64	61	69	53	36	29.94	29.82	29.72	10	10	10	17	8	23	0.00	 
2	92	79	66	66	61	52	81	54	27	29.71	29.67	29.60	10	7	1	22	10	28	0.60	Rain , Thunderstorm
3	74	70	65	63	60	57	81	71	61	29.82	29.75	29.70	10	10	10	13	7	15	0.00	 
4	76	72	67	64	62	60	87	76	64	30.04	29.94	29.82	10	10	10	18	7	22	0.00	 
5	75	71	67	64	62	61	87	76	64	30.12	30.09	30.05	10	10	10	17	9	21	0.00	 
6	88	79	70	69	66	61	84	66	47	30.07	29.99	29.90	10	10	10	22	10	26	T	 
7	77	74	71	73	70	66	94	89	84	29.89	29.68	29.54	10	5	1	22	9	28	1.06	Rain
8	80	75	70	73	70	68	94	82	69	29.63	29.53	29.47	10	4	0	13	5	-	0.29	Fog , Rain
9	76	73	70	70	65	62	93	81	68	29.71	29.64	29.57	10	8	1	16	9	21	0.00	Rain , Thunderstorm
10	78	72	66	66	64	62	93	81	69	29.69	29.56	29.49	10	8	1	24	9	29	0.73	Rain
11	82	73	64	63	56	48	93	63	33	29.88	29.76	29.69	10	10	8	22	11	38	0.00	 
12	83	74	65	60	55	53	68	53	37	30.01	29.94	29.88	10	10	10	15	7	20	0.00	 
13	82	74	66	63	60	56	81	61	40	30.06	30.03	29.99	10	10	10	14	6	20	0.00	 
14	77	73	68	70	66	62	93	79	64	30.00	29.94	29.90	10	10	8	14	7	17	0.02	Rain
15	69	66	63	66	64	60	93	89	84	29.89	29.77	29.64	10	4	1	30	14	38	1.43	Rain
16	74	68	62	63	60	57	90	77	64	29.97	29.79	29.65	10	9	2	15	8	21	0.01	Rain
17	84	75	65	65	61	48	81	56	31	30.10	30.06	29.98	10	10	10	14	7	16	0.00	 
18	88	78	68	68	64	59	87	63	39	30.06	29.98	29.89	10	10	10	21	12	28	0.00	 
19	88	80	72	70	67	62	90	71	51	29.94	29.91	29.87	10	9	2	32	9	41	0.03	Rain , Thunderstorm
20	84	78	72	70	68	64	93	76	58	29.97	29.95	29.91	10	10	10	17	9	21	0.00	 
21	86	78	69	71	68	65	90	76	61	29.98	29.90	29.76	10	9	7	24	12	31	T	Thunderstorm
22	80	74	68	72	60	48	87	61	35	29.88	29.73	29.64	10	8	1	24	13	32	0.59	Rain
23	79	71	63	55	50	47	67	50	33	30.06	29.97	29.88	10	10	10	16	9	22	0.00	 
24	81	73	64	60	58	54	78	62	45	30.09	30.04	29.99	10	10	10	24	13	29	0.00	 
25	87	78	68	71	67	62	90	73	55	29.98	29.89	29.82	10	10	10	28	15	35	0.06	Rain , Thunderstorm
26	84	77	70	69	65	63	90	72	54	29.99	29.95	29.88	10	10	8	22	8	28	0.03	Rain
27	79	75	70	72	69	65	97	82	67	29.96	29.89	29.80	10	5	0	20	6	31	0.77	Fog , Rain
28	76	72	67	70	67	55	97	80	63	29.79	29.39	29.05	10	3	0	46	27	63	0.91	Fog , Rain
29	80	71	62	56	52	47	89	61	32	30.01	29.85	29.50	10	10	10	28	10	37	0.00	 
30	77	70	62	57	54	50	73	57	41	30.13	30.08	30.02	10	10	9	14	7	16	0.00	 
31	81	72	63	59	57	56	84	63	42	30.21	30.17	30.13	10	10	10	15	6	17	0.00	 
2011	Temp. (°F)	Dew Point (°F)	Humidity (%)	Sea Level Press. (in)	Visibility (mi)	Wind (mph)	Precip. (in)	Events
Sep	high	avg	low	high	avg	low	high	avg	low	high	avg	low	high	avg	low	high	avg	high	sum	 
1	71	67	62	60	58	54	90	72	53	30.24	30.20	30.16	10	10	9	14	7	16	0.00	 
2	68	64	60	59	57	56	90	82	73	30.17	30.12	30.05	10	10	9	13	7	15	0.00	 
3	86	73	60	68	63	56	90	73	55	30.03	29.92	29.85	10	10	6	17	10	23	0.00	 
4	85	77	68	72	67	63	84	73	61	29.91	29.86	29.81	10	9	5	21	12	25	0.00	 
5	87	78	69	69	66	60	87	69	51	29.84	29.82	29.79	10	10	9	23	14	30	0.00	 
6	74	67	60	69	59	55	90	79	68	30.22	30.01	29.84	10	8	2	25	9	30	0.68	Rain
7	63	62	60	61	59	57	97	94	90	30.25	30.21	30.12	10	4	1	20	13	25	0.30	Rain
8	64	61	58	61	58	55	100	92	84	30.16	30.08	29.95	10	5	1	16	6	21	1.17	Rain
9	81	70	58	62	58	53	100	70	39	29.95	29.83	29.73	10	7	0	16	8	21	0.00	Fog
10	71	65	59	57	54	50	72	66	60	30.10	29.95	29.83	10	10	9	15	8	18	0.00	 
11	70	63	56	57	53	50	86	71	55	30.18	30.10	30.02	10	10	10	18	8	21	0.00	 
12	82	72	62	65	60	53	90	71	51	30.01	29.96	29.91	10	10	10	16	10	25	0.00	 
13	85	75	64	64	62	59	87	66	44	29.94	29.89	29.82	10	9	4	22	10	32	0.00	 
14	86	77	68	70	66	63	90	69	48	29.96	29.89	29.86	10	9	2	24	9	29	0.08	Rain , Thunderstorm
15	83	69	55	68	61	42	90	76	62	29.96	29.88	29.80	10	8	5	21	10	29	0.03	Rain
16	65	58	50	40	37	33	63	47	31	30.35	30.19	29.98	10	10	9	21	12	29	0.00	 
17	62	55	48	46	41	37	67	55	42	30.48	30.44	30.36	10	10	10	13	7	16	0.00	 
18	66	59	51	50	46	43	77	63	48	30.49	30.44	30.37	10	10	10	16	9	20	0.00	 
19	65	58	51	52	49	46	86	69	52	30.36	30.27	30.17	10	10	10	14	9	18	0.00	 
20	67	61	55	61	57	51	90	84	78	30.16	30.11	30.07	10	9	4	14	9	18	0.13	Rain
21	75	67	59	62	59	55	93	79	64	30.25	30.21	30.16	10	8	0	16	7	24	0.00	Fog
22	73	69	65	70	66	63	93	89	84	30.21	30.13	30.08	10	8	2	12	5	16	0.05	Rain
23	73	69	65	67	65	64	100	90	79	30.16	30.11	30.04	10	4	0	10	6	14	0.47	Fog , Rain
24	80	73	65	70	68	64	100	86	71	30.07	30.00	29.96	10	7	0	13	7	18	0.43	Rain
25	78	73	68	70	67	65	93	84	74	30.09	30.05	30.02	10	10	10	10	4	12	0.00	 
26	76	71	66	67	62	59	90	76	61	30.02	29.98	29.94	10	10	10	10	5	13	0.00	 
27	73	69	64	63	62	60	93	81	68	30.07	30.01	29.94	10	9	5	15	6	17	0.00	 
28	70	67	63	63	61	58	93	83	73	30.11	30.06	29.99	10	10	9	18	11	22	0.00	 
29	72	67	62	67	63	60	100	91	81	29.97	29.75	29.59	10	5	0	36	10	44	0.94	Fog , Rain , Thunderstorm
30	77	68	58	63	57	53	93	72	50	29.74	29.69	29.64	10	10	8	20	11	25	0.12	 
2011	Temp. (°F)	Dew Point (°F)	Humidity (%)	Sea Level Press. (in)	Visibility (mi)	Wind (mph)	Precip. (in)	Events
Oct	high	avg	low	high	avg	low	high	avg	low	high	avg	low	high	avg	low	high	avg	high	sum	 
1	71	64	57	65	63	55	100	90	79	29.76	29.64	29.57	10	4	0	16	8	21	0.34	Rain , Thunderstorm
2	65	62	58	62	58	55	100	87	73	29.92	29.83	29.76	10	7	0	20	9	25	T	Rain
3	68	62	56	57	54	45	100	73	45	30.06	30.01	29.92	10	8	0	18	8	22	0.07	Fog , Rain
4	68	62	56	56	54	52	93	78	63	30.02	29.92	29.88	10	8	1	20	10	23	1.12	Rain
5	69	60	51	54	44	30	80	57	34	30.22	29.99	29.88	10	10	10	28	14	35	T	Rain
6	66	57	48	33	27	22	56	38	19	30.35	30.26	30.21	10	10	10	22	13	28	0.00	 
7	62	54	46	44	35	30	61	49	36	30.46	30.41	30.37	10	10	10	13	7	17	0.00	 
8	82	69	55	54	48	41	61	48	34	30.41	30.36	30.32	10	10	10	14	8	20	0.00	 
9	87	76	65	54	52	49	56	43	30	30.32	30.27	30.21	10	10	10	15	10	20	0.00	 
10	85	75	64	59	55	52	63	52	40	30.19	30.14	30.07	10	10	10	17	9	23	0.00	 
11	66	62	58	53	48	43	72	62	51	30.25	30.22	30.17	10	10	10	13	8	15	0.00	 
12	62	60	57	56	50	45	87	74	60	30.25	30.18	30.07	10	9	2	20	12	24	0.08	Rain
13	63	61	59	61	59	55	100	94	87	30.07	29.88	29.78	10	3	1	23	11	29	0.93	Rain
14	67	63	59	65	62	58	100	94	87	29.79	29.53	29.32	10	3	0	24	11	31	0.58	Fog , Rain , Thunderstorm
15	68	62	56	56	44	36	78	58	37	29.66	29.55	29.35	10	10	9	31	19	40	T	Rain
16	66	60	54	48	39	35	60	47	34	29.78	29.72	29.66	10	10	10	30	15	39	T	 
17	66	61	56	54	41	32	69	49	29	29.73	29.66	29.57	10	10	10	28	14	38	T	Rain
18	68	62	55	50	40	34	77	55	32	29.95	29.84	29.72	10	10	9	17	8	26	0.00	 
19	59	57	54	56	54	51	100	90	80	29.98	29.84	29.60	10	5	1	30	15	37	1.17	Rain
20	69	62	54	61	54	44	100	76	52	29.67	29.53	29.46	10	5	0	30	14	38	0.47	Fog , Rain
21	64	59	53	43	42	40	66	55	43	29.95	29.82	29.70	10	10	10	23	12	29	0.00	 
22	63	57	50	43	41	39	68	57	46	30.07	30.00	29.95	10	10	10	16	9	22	0.00	 
23	58	52	46	41	38	34	76	60	43	30.15	30.11	30.07	10	10	10	13	6	17	0.00	 
24	63	53	43	46	42	37	76	62	48	30.16	30.06	29.93	10	10	2	15	7	21	T	Rain
25	62	56	50	47	38	31	71	54	36	30.07	29.93	29.85	10	10	2	23	13	31	0.01	Rain
26	50	49	48	42	38	32	77	64	50	29.99	29.89	29.78	10	10	10	15	5	18	0.02	Rain
27	49	42	34	45	40	33	93	85	77	29.87	29.74	29.68	10	4	2	21	13	26	1.02	Rain , Snow
28	49	42	35	34	28	24	89	64	39	30.25	30.10	29.89	10	10	4	17	11	23	0.00	 
29	49	42	34	36	32	26	100	77	54	30.26	30.06	29.73	10	6	0	31	17	38	0.85	Rain , Snow
30	48	41	34	34	31	25	92	69	45	30.28	29.88	29.68	10	5	0	31	17	40	0.11	Rain , Snow
31	52	45	38	35	31	27	65	55	44	30.41	30.37	30.30	10	10	10	13	7	16	0.00	 
2011	Temp. (°F)	Dew Point (°F)	Humidity (%)	Sea Level Press. (in)	Visibility (mi)	Wind (mph)	Precip. (in)	Events
Nov	high	avg	low	high	avg	low	high	avg	low	high	avg	low	high	avg	low	high	avg	high	sum	 
1	54	47	40	40	35	33	73	62	50	30.39	30.36	30.33	10	10	10	16	7	20	0.00	 
2	54	47	39	41	37	32	83	71	59	30.40	30.33	30.23	10	10	10	10	7	13	0.00	 
3	63	53	42	43	41	36	83	65	46	30.23	30.03	29.88	10	10	7	20	10	25	0.00	 
4	53	46	38	43	28	21	71	50	28	30.25	30.03	29.87	10	10	10	24	14	31	0.00	 
5	49	43	36	30	26	23	60	51	42	30.48	30.40	30.26	10	10	10	15	8	18	0.00	 
6	59	48	36	38	27	20	71	47	23	30.50	30.43	30.34	10	10	10	18	11	30	0.00	 
7	65	54	42	39	37	35	82	58	34	30.32	30.24	30.17	10	10	10	14	9	21	0.00	 
8	69	60	51	47	44	39	77	61	44	30.26	30.22	30.19	10	10	10	9	5	10	0.00	 
9	67	57	47	52	48	45	100	74	48	30.22	30.15	30.07	10	8	2	13	6	17	0.00	 
10	60	56	52	58	55	51	100	93	86	30.05	29.76	29.49	7	3	0	14	4	24	1.05	Fog , Rain
11	58	50	41	49	34	25	86	61	36	29.85	29.56	29.43	10	10	7	31	16	43	T	Rain
12	53	45	37	34	29	25	70	51	32	30.11	30.02	29.88	10	10	10	26	13	32	0.00	 
13	63	53	42	45	41	33	76	62	48	30.16	30.06	29.95	10	10	10	23	11	30	0.00	 
14	68	61	54	53	47	42	86	66	45	29.93	29.83	29.70	10	10	10	22	14	26	T	 
15	67	62	56	53	50	44	86	69	52	29.96	29.79	29.67	10	10	10	22	12	28	T	Rain
16	59	55	51	55	52	46	100	84	67	29.97	29.80	29.69	10	5	0	10	5	14	0.78	Rain
17	56	48	39	52	36	28	93	71	49	29.88	29.78	29.70	10	9	5	22	12	28	0.13	Rain
18	45	41	36	25	23	20	64	51	37	30.40	30.22	29.91	10	10	9	24	13	33	0.00	 
19	53	45	36	42	28	22	71	52	32	30.38	30.31	30.21	10	10	10	28	17	37	0.00	 
20	66	58	49	46	44	39	80	63	45	30.19	30.05	29.97	10	10	10	29	15	124	0.00	 
21	59	48	36	42	32	27	65	58	51	30.37	30.28	30.07	10	10	10	17	10	21	0.00	 
22	46	40	34	37	32	26	75	69	62	30.43	30.35	30.22	10	10	5	24	6	25	0.03	Rain
23	48	41	34	46	39	27	93	82	70	30.17	29.80	29.60	10	6	2	33	20	39	1.46	Rain
24	46	39	31	31	28	25	78	66	53	30.18	30.10	29.97	10	10	10	14	6	17	0.00	 
25	61	49	36	38	35	31	85	64	42	30.12	30.05	29.99	10	10	10	16	11	25	0.00	 
26	63	54	45	42	37	34	76	56	36	30.21	30.14	30.05	10	10	10	14	6	17	0.00	 
27	55	47	38	50	44	36	93	82	71	30.23	30.17	30.11	10	7	0	15	4	21	0.00	Fog
28	67	60	53	51	49	49	89	71	52	30.13	30.10	30.07	10	10	10	22	13	28	0.00	 
29	66	59	52	55	52	48	96	80	63	30.12	30.00	29.72	10	9	2	17	7	20	0.06	Rain
30	64	54	44	61	44	31	93	70	47	29.84	29.67	29.60	10	8	2	32	17	41	0.70	Rain
2011	Temp. (°F)	Dew Point (°F)	Humidity (%)	Sea Level Press. (in)	Visibility (mi)	Wind (mph)	Precip. (in)	Events
Dec	high	avg	low	high	avg	low	high	avg	low	high	avg	low	high	avg	low	high	avg	high	sum	 
1	49	44	38	32	25	18	70	54	37	30.29	30.10	29.85	10	10	10	17	10	23	0.00	 
2	50	43	35	28	24	20	56	46	36	30.45	30.32	30.25	10	10	10	20	8	26	0.00	 
3	45	40	34	31	28	25	76	65	53	30.68	30.62	30.48	10	10	10	16	8	20	0.00	 
4	53	44	35	45	38	30	93	79	64	30.62	30.50	30.39	10	10	10	18	9	26	0.00	 
5	63	54	44	50	47	43	93	75	56	30.39	30.31	30.22	10	9	1	17	10	26	0.00	 
6	61	55	49	57	55	49	93	89	84	30.19	30.01	29.88	10	8	2	16	9	23	0.09	Rain
7	59	52	45	56	48	43	100	96	92	29.89	29.78	29.45	10	4	1	17	7	20	1.60	Rain
8	46	42	37	43	32	24	96	71	45	30.28	29.70	29.29	10	7	2	36	16	48	0.89	Rain
9	52	44	35	41	33	24	89	67	44	30.36	30.27	30.19	10	10	10	24	10	32	T	 
10	47	39	31	41	26	11	89	61	32	30.44	30.25	30.16	10	10	10	18	10	24	0.00	 
11	38	33	28	18	16	14	58	48	37	30.62	30.57	30.45	10	10	10	13	7	18	0.00	 
12	49	40	31	23	18	10	63	42	21	30.58	30.50	30.40	10	10	10	17	9	21	0.00	 
13	47	38	29	32	24	17	70	55	40	30.39	30.32	30.28	10	10	10	16	7	17	0.00	 
14	43	40	37	32	30	28	76	68	60	30.42	30.38	30.33	10	10	10	12	7	14	0.00	 
15	54	46	38	48	39	29	83	74	64	30.32	30.00	29.69	10	10	9	28	17	74	0.05	Rain
16	54	48	41	48	33	26	83	61	39	30.07	29.88	29.62	10	10	10	32	16	45	0.02	 
17	41	35	28	28	21	7	70	55	39	30.15	30.07	30.03	10	10	10	18	11	25	0.00	 
18	28	24	20	11	5	-1	55	44	33	30.31	30.23	30.14	10	10	10	16	10	21	T	 
19	45	32	18	29	17	0	62	50	37	30.27	30.05	29.84	10	10	10	26	14	36	0.00	 
20	45	39	32	33	20	9	67	47	27	30.23	30.10	29.86	10	10	10	18	10	24	T	 
21	58	45	32	54	43	22	93	76	59	30.21	29.90	29.59	10	9	5	21	10	26	0.09	Rain
22	57	51	45	54	41	34	83	65	47	30.09	29.89	29.61	10	9	2	25	11	35	0.41	Rain
23	47	42	37	42	35	21	96	84	71	30.19	29.97	29.89	10	8	3	15	9	17	0.58	Rain
24	31	27	22	20	12	4	69	56	42	30.50	30.39	30.20	10	10	10	15	8	20	0.00	 
25	42	31	19	35	22	6	79	63	47	30.49	30.21	29.86	10	10	7	16	8	21	0.03	Rain , Snow
26	43	37	30	34	25	17	85	63	41	30.26	30.05	29.83	10	10	10	26	11	36	0.00	 
27	56	43	29	52	35	20	93	76	58	30.19	29.88	29.34	10	9	4	38	14	49	0.18	Rain
28	57	43	28	53	32	13	93	69	45	29.63	29.37	29.25	10	10	6	33	20	43	0.02	Rain
29	33	28	23	12	4	-6	50	36	21	30.04	29.88	29.63	10	10	10	29	15	39	0.00	 
30	44	36	27	37	24	10	82	63	43	30.12	30.08	30.04	10	10	10	14	4	16	0.00	 
31	40	37	34	36	34	29	92	84	75	30.06	29.90	29.82	10	4	0	14	7	18	0.01	Rain